403
425
435
451
492
522
535
551
558
569
576
601
605
614
615
621
624
625
632
635
644
647
663
668
679
686
707
713
714
715
731
735
737
741
746
747
748
762
767
769
778
783
784
787
789
796
804
814
817
827
828
830
838
840
841
850
855
858
866
868
871
877
879
883
884
890
894
895
901
914
915
924
930
942
949
953
959
962
963
965
971
977
989
994
995
999
1006
1009
1023
1042
1069
1076
1083
1084
1086
1087
1092
1095
1106
1108
1127
1134
1140
1174
1194
1197
1226
1269
1285
1316
1346
1371
1430
1432
1440
1464
1526
1544
1551
1561
1571
1629
1732
1795
1958
1967
2308
2315
2323
2911
3033
3101
3260
