958
1048
1165
1242
1265
1274
1366
1367
1402
1417
1419
1447
1461
1463
1498
1515
1537
1603
1630
1636
1653
1709
1713
1730
1749
1825
1835
1837
1866
1872
1877
1898
1910
1926
1954
1960
1966
1996
2002
2026
2027
2037
2052
2055
2062
2073
2097
2117
2139
2155
2168
2188
2218
2253
2274
2290
2294
2297
2311
2331
2362
2402
2403
2450
2488
2492
2496
2504
2521
2522
2524
2528
2540
2545
2564
2569
2578
2655
2674
2679
2693
2743
2748
2751
2753
2765
2776
2795
2814
2855
2881
2903
2914
2943
2949
2968
2979
3028
3036
3057
3077
3096
3112
3162
3176
3185
3239
3251
3271
3326
3366
3384
3388
3402
3415
3431
3441
3455
3458
3481
3482
3495
3511
3525
3526
3565
3625
3635
3654
3665
3683
3691
3740
3751
3796
3837
3857
3869
3870
3907
3928
3957
