264
481
504
509
526
531
537
549
563
578
591
618
620
627
646
671
672
719
734
742
744
745
749
752
755
758
774
779
781
786
798
801
806
813
815
822
848
849
863
885
898
902
907
908
925
961
985
986
990
991
992
993
1002
1018
1026
1030
1037
1040
1045
1046
1049
1059
1078
1093
1096
1100
1103
1116
1129
1130
1148
1152
1153
1179
1196
1200
1205
1206
1216
1219
1227
1231
1262
1272
1282
1290
1291
1313
1317
1360
1377
1399
1400
1403
1408
1425
1427
1443
1449
1456
1460
1482
1488
1489
1494
1511
1518
1548
1556
1558
1560
1563
1564
1570
1581
1587
1589
1617
1624
1635
1639
1641
1646
1656
1657
1689
1704
1714
1720
1724
1725
1731
1748
1752
1790
1826
1839
1846
1856
1905
1906
1915
1928
1935
1948
1955
1957
1961
1965
1985
1986
1987
1991
1999
2004
2006
2024
2072
2152
2167
2178
2195
2202
2219
2221
2227
2231
2265
2284
2345
2349
2355
2371
2396
2405
2406
2417
2435
2451
2466
2468
2479
2482
2491
2515
2556
2565
2618
2634
2650
2665
2676
2688
2702
2709
2731
2744
2763
2797
2827
2847
2852
2859
2916
2918
2923
2994
3001
3040
3041
3053
3088
3105
3113
3132
3168
3192
3296
3329
3351
3373
3399
3400
3453
3456
3502
3542
3543
3547
3578
3607
3696
3768
3794
3966
