260
274
314
319
326
329
331
337
342
347
348
350
353
358
371
378
379
381
382
383
385
386
388
391
395
400
401
405
408
412
413
414
415
419
422
428
431
433
438
439
442
443
444
447
448
449
450
452
455
456
459
460
462
463
464
466
467
468
471
472
474
477
478
479
482
484
486
490
491
494
495
496
497
499
500
501
503
508
510
511
515
517
518
519
520
521
523
524
525
527
529
532
534
536
540
541
542
544
545
546
547
548
550
552
553
555
556
557
559
561
562
566
567
570
571
574
577
579
580
582
583
586
587
588
590
592
593
594
595
597
598
599
603
604
610
611
612
619
622
623
626
628
631
634
637
638
648
649
651
652
653
656
657
658
661
662
664
665
666
667
670
673
677
678
680
681
683
684
685
690
691
692
695
697
698
699
700
701
702
703
704
705
706
708
711
712
718
720
721
722
725
728
729
730
733
736
739
740
743
750
751
753
756
759
760
770
771
772
775
776
780
782
785
788
790
791
792
793
800
802
807
811
812
816
818
821
823
824
826
833
835
842
845
846
852
853
854
856
859
860
861
862
864
865
867
869
870
874
875
876
878
880
881
882
886
888
889
891
896
899
900
904
906
910
916
918
919
921
922
923
926
928
933
934
936
938
939
940
943
944
948
950
952
954
955
957
964
966
967
969
970
972
975
976
978
980
981
982
983
984
988
996
998
1000
1001
1003
1004
1005
1008
1010
1011
1012
1016
1017
1019
1020
1024
1027
1028
1029
1031
1032
1033
1035
1039
1041
1043
1047
1052
1053
1054
1055
1056
1057
1058
1060
1062
1064
1066
1068
1071
1073
1074
1075
1077
1080
1081
1089
1090
1094
1098
1101
1104
1105
1107
1110
1112
1114
1115
1117
1118
1119
1120
1121
1123
1125
1128
1131
1136
1137
1141
1142
1143
1145
1147
1149
1155
1156
1158
1159
1160
1162
1166
1167
1169
1171
1173
1176
1178
1180
1181
1183
1184
1185
1189
1191
1193
1198
1201
1202
1203
1204
1208
1209
1211
1214
1215
1218
1220
1224
1225
1228
1229
1230
1232
1234
1237
1238
1240
1243
1244
1245
1248
1251
1260
1261
1263
1273
1275
1278
1279
1280
1281
1283
1284
1295
1300
1301
1302
1304
1307
1308
1309
1311
1312
1322
1326
1328
1329
1336
1339
1342
1343
1345
1348
1349
1351
1352
1355
1356
1361
1362
1368
1370
1375
1382
1383
1384
1385
1389
1391
1392
1398
1406
1411
1412
1414
1418
1439
1444
1446
1452
1453
1457
1462
1466
1468
1472
1485
1499
1514
1519
1522
1524
1533
1534
1547
1549
1554
1559
1562
1579
1580
1606
1609
1622
1633
1664
1678
1684
1706
1711
1719
1750
1753
1766
1797
1802
1804
1813
1814
1816
1829
1842
1859
1865
1893
1899
1964
2112
2127
2225
2281
2312
2350
2358
2642
2683
